"Suchergebnisse"

"Zusammenfassung"
"Gespeichert am";"13.06.2023 05:12:26"
"Gesucht nach";"LB 2307"
"In Index(en)";"D:\_OA\Indice\Index.pdx"
"Anzahl gefundener Dokumente";"0"              
"Anzahl gefundener Vorkommen";"0"              
